[-5,-6,0]
-1,0,1,0|ff573c,,24e246,24e246,24e246||NewRoom.tscn
[-4,-6,0]
-1,0,-1,0|ff573c,,24e246,,24e246||NewRoom.tscn
[-3,-6,0]
1,0,-1,0|ff573c,24e246,24e246,,24e246||NewRoom.tscn
[-13,-4,0]
-1,0,0,-1|ff348e,,170b52,170b52,||
[-12,-4,0]
0,0,-1,-1|ff348e,170b52,170b52,,||
[-13,-5,0]
-1,-1,0,0|ff348e,,,170b52,170b52||
[-12,-5,0]
1,-1,-1,0|ff348e,170b52,,,170b52||
[-11,-5,0]
-1,0,1,0|347aff,,170b52,170b52,170b52||
[-10,-5,0]
1,0,-1,0|347aff,170b52,170b52,,170b52||
[-7,-6,0]
-1,0,1,0|ffa025,,170b52,170b52,170b52||
[-6,-6,0]
1,1,-1,0|ffa025,170b52,170b52,,170b52||
[-9,-6,0]
-1,-1,0,1|ffa025,,,170b52,170b52||
[-8,-6,0]
1,-1,-1,0|ffa025,170b52,,,170b52||
[-9,-5,0]
-1,0,1,-1|ffa025,,170b52,170b52,||
[-8,-5,0]
0,0,-1,-1|ffa025,170b52,170b52,,||
[-9,-7,0]
0,1,0,1|ffa025,170b52,170b52,170b52,170b52||
[-10,-8,0]
-1,0,0,0|e134ff,,170b52,170b52,170b52|8|
[-9,-8,0]
0,1,-1,0|e134ff,170b52,170b52,,170b52||
[-6,-5,0]
0,-1,0,1|e134ff,170b52,,170b52,170b52||
[-6,-4,0]
0,0,0,-1|e134ff,170b52,170b52,170b52,|9|
[-2,-7,0]
-1,-1,0,0|ff573c,,,170b52,170b52||
[-1,-7,0]
-1,-1,-1,1|ff573c,,,,170b52||
[0,-7,0]
-1,-1,-1,0|ff573c,,,,170b52||
[1,-7,0]
-1,-1,-1,0|ff573c,,,,170b52||
[2,-7,0]
-1,-1,-1,0|ff573c,,,,170b52||
[3,-7,0]
0,-1,-1,0|ff573c,170b52,,,170b52||
[-2,-6,0]
-1,-1,1,-1|ff573c,,,170b52,||
[-1,-6,0]
-1,-1,-1,-1|ff573c,,,,||
[0,-6,0]
-1,-1,-1,-1|ff573c,,,,||
[1,-6,0]
-1,-1,-1,-1|ff573c,,,,||
[2,-6,0]
-1,-1,-1,-1|ff573c,,170b52,,||
[3,-6,0]
0,-1,-1,-1|ff573c,170b52,170b52,,||
[-2,-5,0]
-1,0,0,-1|ff573c,,170b52,170b52,||
[-1,-5,0]
-1,0,-1,-1|ff573c,,170b52,,||
[0,-5,0]
-1,0,-1,-1|ff573c,,170b52,,||
[1,-5,0]
-1,0,-1,-1|ff573c,170b52,170b52,,||
[-3,-9,0]
-1,-1,-1,-1|347aff,,,,||
[-2,-9,0]
-1,-1,-1,-1|347aff,,,,||
[-1,-9,0]
-1,-1,-1,-1|347aff,,,,||
[0,-9,0]
-1,-1,-1,-1|347aff,,,,||
[1,-9,0]
0,-1,-1,-1|347aff,170b52,,,||
[-3,-8,0]
-1,0,-1,-1|347aff,,170b52,,||
[-2,-8,0]
-1,0,-1,-1|347aff,,170b52,,||
[-1,-8,0]
-1,1,-1,-1|347aff,,170b52,,||
[0,-8,0]
-1,0,-1,-1|347aff,,170b52,,||
[1,-8,0]
0,0,-1,-1|347aff,170b52,170b52,,||
[-4,-9,0]
-1,-1,0,-1|347aff,,,170b52,||
[-4,-8,0]
-1,0,0,-1|347aff,,170b52,170b52,||
[-2,-10,0]
-1,-1,-1,0|347aff,,,,170b52||
[-1,-10,0]
-1,-1,-1,0|347aff,,,,170b52||
[0,-10,0]
-1,-1,-1,1|347aff,,,,170b52||
[1,-10,0]
0,-1,-1,0|347aff,170b52,,,170b52||
[1,-12,0]
0,-1,-1,0|19ca39,170b52,,,170b52||
[0,-12,0]
-1,-1,0,0|19ca39,,,170b52,170b52||
[0,-11,0]
-1,1,0,-1|19ca39,,170b52,170b52,||
[1,-11,0]
0,0,-1,-1|19ca39,170b52,170b52,,||
[2,-5,0]
-1,0,-1,-1|ff573c,,170b52,170b52,170b52||
[3,-5,0]
0,0,-1,-1|ff573c,170b52,170b52,,170b52||
[4,-5,0]
0,0,0,0|e134ff,170b52,170b52,170b52,170b52|9|
[-4,-10,0]
-1,-1,0,0|347aff,,,170b52,170b52||
[-3,-10,0]
-1,-1,-1,0|347aff,,,,170b52||
[-3,3,0]
0,0,0,0|ffa025,,,,||
[-2,3,0]
-1,0,0,0|ff573c,,,,||
[-1,3,0]
-1,0,-1,0|ff573c,,,,||
[0,3,0]
0,0,-1,0|ff573c,,,,||
[1,2,0]
-1,-1,0,0|ff573c,,,,||
[2,2,0]
-1,-1,-1,0|ff573c,,,,||
[1,3,0]
-1,-1,0,-1|ff573c,,,,||
[2,3,0]
-1,-1,-1,-1|ff573c,,,,||
[1,4,0]
-1,0,0,-1|ff573c,,,,||
[2,4,0]
-1,0,-1,-1|ff573c,,,,||
[3,4,0]
-1,0,-1,-1|ff573c,,,,||
[4,4,0]
0,0,-1,-1|ff573c,,,,||
[5,1,0]
-1,-1,0,0|347aff,,,,||
[6,1,0]
-1,-1,-1,0|347aff,,,,||
[7,1,0]
-1,-1,-1,0|347aff,,,,||
[8,1,0]
0,-1,-1,0|347aff,,,,||
[5,2,0]
-1,-1,1,-1|347aff,,,,||
[6,2,0]
-1,-1,-1,-1|347aff,,,,||
[7,2,0]
-1,-1,-1,-1|347aff,,,,||
[8,2,0]
0,-1,-1,-1|347aff,,,,||
[5,3,0]
-1,0,0,-1|347aff,,,,||
[6,3,0]
-1,0,-1,-1|347aff,,,,||
[7,3,0]
-1,0,-1,-1|347aff,,,,||
[8,3,0]
0,0,-1,-1|347aff,,,,||
[9,0,0]
-1,-1,0,0|347aff,,,,||
[10,0,0]
0,-1,-1,0|347aff,,,,||
[9,1,0]
-1,0,0,-1|347aff,,,,||
[10,1,0]
0,0,-1,-1|347aff,,,,||
[-5,3,0]
-1,-1,0,0|ffa025,,,,||
[-4,3,0]
0,-1,-1,0|ffa025,,,,||
[-5,4,0]
-1,-1,0,-1|ffa025,,,,||
[-4,4,0]
0,-1,-1,-1|ffa025,,,,||
[-5,5,0]
-1,0,0,-1|ffa025,,,,||
[-4,5,0]
0,0,-1,-1|ffa025,,,,||
[-7,5,0]
-1,-1,0,0|347aff,,,,||
[-6,5,0]
0,-1,-1,0|347aff,,,,||
[-7,6,0]
-1,0,0,-1|347aff,,,,||
[-6,6,0]
0,0,-1,-1|347aff,,,,||
[3,2,0]
-1,-1,-1,0|ff573c,,,,||
[4,2,0]
1,-1,-1,0|ff573c,,,,||
[3,3,0]
-1,-1,-1,-1|ff573c,,,,||
[4,3,0]
0,-1,-1,-1|ff573c,,,,||
